33
69
75
102
167
177
201
208
337
347
354
378
445
496
519
551
599
610
627
651
660
696
736
745
754
774
781
785
889
902
949
996
1001
1015
1043
1055
1063
1125
1136
1152
1167
1195
1227
1267
1281
1311
1348
1357
1374
1382
1412
1438
1483
1546
1598
1643
1670
1705
1734
1740
1750
1796
1821
1828
1862
1900
1926
2016
2052
2082
2119
2123
2130
2143
2150
2165
2188
2199
2221
2232
2248
2276
2298
2304
2325
2330
2376
2413
2424
2448
2505
2515
2527
2545
2556
2644
2668
2751
2764
2783
2792
2816
2837
2895
2908
2919
3034
3097
3274
3288
3322
3343
3347
3396
3407
3418
3438
3480
3510
3519
3541
3577
3608
3627
3659
3730
3761
3811
3881
3927
3933
3951
3959
3967
3999
4008
4052
4058
4187
4215
4255
4319
4336
4392
4413
4438
4444
4520
4547
4635
4737
4753
4769
4794
4811
4830
4882
4977
4992
5016
5028
5055
5068
5088
5098
5109
5132
5137
5186
5209
5228
5234
5238
5251
5270
5274
5302
5315
5330
5347
5369
5387
5401
5412
5431
5464
5480
5488
5497
5509
5521
5548
5558
5579
5586
5600
5606
5612
5630
5650
5674
5690
5726
5740
5758
5773
5817
5867
5873
5882
5891
5917
5964
6090
6212
6220
6318
6327
6353
6374
6418
6455
6525
6583
6670
6700
6792
6892
7019
7044
7074
7094
7223
7287
7305
7375
7433
7493
7534
7576
7580
7592
7623
7647
7655
7694
7715
7753
7766
7817
7830
7868
7894
7899
7941
7971
8071
8095
8108
8137
8178
8226
8324
8400
8422
8455
8485
8523
8528
8532
8561
8565
8615
8624
8660
8686
8705
8711
8715
8728
8742
8749
8834
8841
8864
8869
8930
9033
9061
9084
9107
9113
9146
9166
9177
9216
9259
9288
9296
9344
9350
9389
9423
9451
9457
9466
9501
9506
9515
9527
9537
9546
9564
9589
9615
9661
9666
9757
9818
9836
9853
9881
9896
9902
9921
10005
10017
10117
10128
10157
10163
10541
10576
10582
10638
10652
10674
10678
10692
10721
10735
10790
10795
10828
10846
10852
10894
10923
11206
11224
11248
11272
11277
11286
11294
11304
11330
11359

