97
216
239
337
367
417
464
498
563
582
641
672
846
866
1038
1081
1104
1147
1229
1248
1294
1335
1378
1408
1471
1489
1572
1592
1701
1745
1766
1820
1865
1904
1943
1981
2073
2093
2143
2236
2256
2297
2352
2371
2404
2512
2529
2579
2668
2688
2732
3026
3046
3104
3124
3217
3259
3300
3318
3368
3388
3431
3464
3517
3533
3578
3616
3654
3713
3765
3781
3825
3876
3894
4022
4036
4079
4126
4239
4256
4273
4318
4337
4378
4471
4487
4513
4587
4603
4642
4679
4719
4775
4792
4832
4860
4985
5003
5035
5074
5129
5176
5190
5236
5250
5363
5378
5428
5444
5471
5518
5533
5592
5606
5650
5687
5721
5793
5881
5896
5942
5979
6012
6032
6135
6149
6157
6203
6321
6414
6431
6448
6493
6511
6550
6600
6617
6758
6773
6812
6847
6882
6919
6950
6977
7079
7095
7105
7152
7169
7212
7294
7309
7338
7387
7403
7442
7478
7535
7580
7594
7636
7673
7752
7767
7806
7845
7877
7933
8147
8163
8196
8238
8272
8294
8351
8400
8415
8433
8479
8493
8572
8656
8671
8714
8819
8833
8873
8941
9031
9045
9066
9147
9162
9192
9238
9255
9338
9352
9390
9425
9458
9512
9526
9566
9600
9674
9689
9705
9815
9861
9875
9944
9961
10072
10149
10164
10178
10293
10308
10357
10369
10378
10406
10453
10467
10510
10527
10549
10623
10636
10648
10689
10739
10755
10796
10823
10874
10926
10939
10981
11016
11047
11079
11100
11157
11171
11212
11246
11278
11306
11402
11415
11462
11606
11621
11660
11696
11733
11753
11808
11822
11848
11899
11913
12024
12038
12193
12206
12245
12315
12328
12343
12391
12426
12459
12524
12537
12575
12594
12646
12732
12747
12776
12831
12845
12857
12896
12946
12958
13005
13018
13063
13087
13132
13143
13186
13194
13202
13237
13293
13307
13365
13399
13556
13570
13616
13653
13688
13724
13757
13895
13908
13957
13990
14046
14059
14099
14151
14165
14186
14234
14283
14296
14340
14379
14433
14448
14487
14585
14599
14611
14661
14698
14716
15032
15048
15060
15107
15150
15163
15196
15367
15381
15398
15419
15558
15605
15620
15637
15681
15695
15736
15773
15805
15831

