109
126
138
164
241
255
278
308
348
474
480
487
514
532
562
585
622
656
763
773
780
786
810
886
912
917
926
933
952
973
993
1017
1046
1053
1058
1069
1081
1097
1111
1118
1131
1152
1174
1192
1214
1277
1350
1355
1362
1377
1448
1462
1467
1477
1502
1600
1612
1619
1633
1653
1701
1714
1731
1741
1765
1819
1829
1873
1937
1953
1960
1981
1996
2015
2027
2036
2060
2074
2081
2085
2095
2106
2125
2205
2242
2247
2255
2272
2327
2485
2506
2518
2524
2563
2594
2607
2620
2626
2642
2661
2678
2808
2813
2818
2831
2845
2867
2961
2997
3039
3046
3056
3079
3090
3101
3111
3118
3131
3169
3218
3283
3290
3322
3339
3354
3364
3420
3427
3450
3570
3656
3707
3728
3740
3785
3798
3804
3829
3858
4036
4061
4068
4117
4144
4157
4174
4184
4188
4209
4253
4271
4297
4308
4315
4333
4343
4364
4372
4388
4476
4488
4492
4499
4511
4525
4544
4603
4674
4710
4737
4846
4864
4901
5057
5090
5132
5136
5157
5184
5193
5208
5218
5232
5272
5309
5314
5330
5379
5397
5403
5423
5492
5503
5523
5561
5610
5633
5642
5653
5679
5700
5728
5750
5843
5872
5903
5914
5934
5940
6006
6043
6122
6145
6198
6217
6295
6313
6326
6392
6420
6482
6502
6508
6532
6561
6569
6582
6598
6612
6724
6782
6801
6830
6836
6849
6864
6901
6968
7014
7041
7076
7125
7165
7281
7301
7311
7333
7356
7385
7393
7408
7418
7425
7438
7455
7495
7508
7561
7580
7601
7609
7626
7650
7672
7754
7761
7781
7811
7825
7835
7866
7881
7894
7907
7930
7956
8022
8046
8091
8099
8110
8124
8148
8194
8205
8224
8289
8350
8358
8385
8407
8484
8494
8499
8513
8530
8605
8623
8645
8704
8723
8741
8750
8772
8781
8788
8821
8859
8947
8954
8970
8988
9021
9086
9094
9114
9129
9139
9239
9288
9318
9331
9351
9377
9411
9424
9432
9437
9455
9464
9487
9504
9534
9628
9634
9639
9653
9670
9680
9689
9698
9735
9750
9792
9807
9820
9842
9860
9866
9890
10124
10130
10137
10164
10177
10226
10240
10246
10270
10313
10327
10339
10500
10557
10625
10654
10676
10694
10857
10907
10920
10935
10956
10964
10983
10997
11015
11057
11073
11083
11096
11110
11121
11134
11156
11184
11239
11246
11266
11360
11383
11415
11424
11431
11442
11447
11464
11483
11508
11520
11560
11642
11669
11740
11745
11748
11864
11879
11883
11908
11927
11982
11997
12010
12135
12150
12157
12377
12393
12401
12407
12418
12427
12438
12451
12464
12581
12617
12638
12654
12666
12744
12773
12780
12810
12872
12886
12896
12914
12931
12944
12983
13004
13034
13043
13060
13132
13151
13256
13287
13341
13381
13402
13422
13458
13501
13508
13520
13604
13631
13643
13657
13665
13674
13694
13721
13832
13844
13848
13867
13884
13895
13902
13920
13934
14033
14068
14077
14094
14139
14155
14163
14169
14193
14199
14219
14267
14278
14283
14288
14300
14316
14352
14395
14407
14420
14472
14515
14566
14591
14613
14620
14649
14728
14771
14837
14910
14950
14978
14987
15016
15030
15047
15078
15091
15104
15126
15147
15154
15217
15262
15326
15385
15392
15412
15465
15575
15599
15669
15675
15681
15700
15724
15738
15755
15794
15818
15866

